/usr/local/bin/pypy3 /Users/dawinjung/STUDY/Develop/NEXT_SSAFY/Algorithm/4_Recursion_1/10_N-Queen.py
in  [(0, 0), (1, 2)]
in  [(0, 0), (1, 2), (2, 4)]
in  [(0, 0), (1, 2), (2, 4), (3, 1)]
in  [(0, 0), (1, 2), (2, 4), (3, 1), (4, 3)]

count : 1
Q . . . .
. . Q . .
. . . . Q
. Q . . .
. . . Q .

out [(0, 0), (1, 2), (2, 4), (3, 1)]
out [(0, 0), (1, 2), (2, 4)]
in  [(0, 0), (1, 2), (2, 4), (4, 1)]
out [(0, 0), (1, 2), (2, 4)]
in  [(0, 0), (1, 2), (2, 4), (4, 3)]
out [(0, 0), (1, 2), (2, 4)]
out [(0, 0), (1, 2)]
in  [(0, 0), (1, 2), (3, 1)]
in  [(0, 0), (1, 2), (3, 1), (4, 3)]
out [(0, 0), (1, 2), (3, 1)]
out [(0, 0), (1, 2)]
in  [(0, 0), (1, 2), (4, 1)]
out [(0, 0), (1, 2)]
in  [(0, 0), (1, 2), (4, 3)]
out [(0, 0), (1, 2)]
out [(0, 0)]
in  [(0, 0), (1, 3)]
in  [(0, 0), (1, 3), (2, 1)]
in  [(0, 0), (1, 3), (2, 1), (3, 4)]
in  [(0, 0), (1, 3), (2, 1), (3, 4), (4, 2)]

count : 2
Q . . . .
. . . Q .
. Q . . .
. . . . Q
. . Q . .

out [(0, 0), (1, 3), (2, 1), (3, 4)]
out [(0, 0), (1, 3), (2, 1)]
in  [(0, 0), (1, 3), (2, 1), (4, 2)]
out [(0, 0), (1, 3), (2, 1)]
out [(0, 0), (1, 3)]
in  [(0, 0), (1, 3), (3, 2)]
out [(0, 0), (1, 3)]
in  [(0, 0), (1, 3), (3, 4)]
in  [(0, 0), (1, 3), (3, 4), (4, 1)]
out [(0, 0), (1, 3), (3, 4)]
in  [(0, 0), (1, 3), (3, 4), (4, 2)]
out [(0, 0), (1, 3), (3, 4)]
out [(0, 0), (1, 3)]
in  [(0, 0), (1, 3), (4, 1)]
out [(0, 0), (1, 3)]
in  [(0, 0), (1, 3), (4, 2)]
out [(0, 0), (1, 3)]
out [(0, 0)]
in  [(0, 0), (1, 4)]
in  [(0, 0), (1, 4), (2, 1)]
in  [(0, 0), (1, 4), (2, 1), (4, 2)]
out [(0, 0), (1, 4), (2, 1)]
out [(0, 0), (1, 4)]
in  [(0, 0), (1, 4), (3, 1)]
in  [(0, 0), (1, 4), (3, 1), (4, 3)]
out [(0, 0), (1, 4), (3, 1)]
out [(0, 0), (1, 4)]
in  [(0, 0), (1, 4), (4, 2)]
out [(0, 0), (1, 4)]
in  [(0, 0), (1, 4), (4, 3)]
out [(0, 0), (1, 4)]
out [(0, 0)]
in  [(0, 0), (2, 1)]
in  [(0, 0), (2, 1), (3, 4)]
in  [(0, 0), (2, 1), (3, 4), (4, 2)]
out [(0, 0), (2, 1), (3, 4)]
out [(0, 0), (2, 1)]
in  [(0, 0), (2, 1), (4, 2)]
out [(0, 0), (2, 1)]
out [(0, 0)]
in  [(0, 0), (2, 3)]
in  [(0, 0), (2, 3), (3, 1)]
out [(0, 0), (2, 3)]
in  [(0, 0), (2, 3), (4, 2)]
out [(0, 0), (2, 3)]
out [(0, 0)]
in  [(0, 0), (2, 4)]
in  [(0, 0), (2, 4), (3, 1)]
in  [(0, 0), (2, 4), (3, 1), (4, 3)]
out [(0, 0), (2, 4), (3, 1)]
out [(0, 0), (2, 4)]
in  [(0, 0), (2, 4), (3, 2)]
out [(0, 0), (2, 4)]
in  [(0, 0), (2, 4), (4, 1)]
out [(0, 0), (2, 4)]
in  [(0, 0), (2, 4), (4, 3)]
out [(0, 0), (2, 4)]
out [(0, 0)]
in  [(0, 0), (3, 1)]
in  [(0, 0), (3, 1), (4, 3)]
out [(0, 0), (3, 1)]
out [(0, 0)]
in  [(0, 0), (3, 2)]
out [(0, 0)]
in  [(0, 0), (3, 4)]
in  [(0, 0), (3, 4), (4, 1)]
out [(0, 0), (3, 4)]
in  [(0, 0), (3, 4), (4, 2)]
out [(0, 0), (3, 4)]
out [(0, 0)]
in  [(0, 0), (4, 1)]
out [(0, 0)]
in  [(0, 0), (4, 2)]
out [(0, 0)]
in  [(0, 0), (4, 3)]
out [(0, 0)]
in  [(0, 1), (1, 3)]
in  [(0, 1), (1, 3), (2, 0)]
in  [(0, 1), (1, 3), (2, 0), (3, 2)]
in  [(0, 1), (1, 3), (2, 0), (3, 2), (4, 4)]

count : 3
. Q . . .
. . . Q .
Q . . . .
. . Q . .
. . . . Q

out [(0, 1), (1, 3), (2, 0), (3, 2)]
out [(0, 1), (1, 3), (2, 0)]
in  [(0, 1), (1, 3), (2, 0), (4, 4)]
out [(0, 1), (1, 3), (2, 0)]
out [(0, 1), (1, 3)]
in  [(0, 1), (1, 3), (3, 0)]
in  [(0, 1), (1, 3), (3, 0), (4, 2)]
out [(0, 1), (1, 3), (3, 0)]
in  [(0, 1), (1, 3), (3, 0), (4, 4)]
out [(0, 1), (1, 3), (3, 0)]
out [(0, 1), (1, 3)]
in  [(0, 1), (1, 3), (3, 2)]
in  [(0, 1), (1, 3), (3, 2), (4, 4)]
out [(0, 1), (1, 3), (3, 2)]
out [(0, 1), (1, 3)]
in  [(0, 1), (1, 3), (4, 2)]
out [(0, 1), (1, 3)]
in  [(0, 1), (1, 3), (4, 4)]
out [(0, 1), (1, 3)]
out [(0, 1)]
in  [(0, 1), (1, 4)]
in  [(0, 1), (1, 4), (2, 0)]
in  [(0, 1), (1, 4), (2, 0), (3, 3)]
out [(0, 1), (1, 4), (2, 0)]
in  [(0, 1), (1, 4), (2, 0), (4, 3)]
out [(0, 1), (1, 4), (2, 0)]
out [(0, 1), (1, 4)]
in  [(0, 1), (1, 4), (2, 2)]
in  [(0, 1), (1, 4), (2, 2), (3, 0)]
in  [(0, 1), (1, 4), (2, 2), (3, 0), (4, 3)]

count : 4
. Q . . .
. . . . Q
. . Q . .
Q . . . .
. . . Q .

out [(0, 1), (1, 4), (2, 2), (3, 0)]
out [(0, 1), (1, 4), (2, 2)]
in  [(0, 1), (1, 4), (2, 2), (4, 3)]
out [(0, 1), (1, 4), (2, 2)]
out [(0, 1), (1, 4)]
in  [(0, 1), (1, 4), (3, 0)]
in  [(0, 1), (1, 4), (3, 0), (4, 2)]
out [(0, 1), (1, 4), (3, 0)]
in  [(0, 1), (1, 4), (3, 0), (4, 3)]
out [(0, 1), (1, 4), (3, 0)]
out [(0, 1), (1, 4)]
in  [(0, 1), (1, 4), (3, 3)]
in  [(0, 1), (1, 4), (3, 3), (4, 0)]
out [(0, 1), (1, 4), (3, 3)]
out [(0, 1), (1, 4)]
in  [(0, 1), (1, 4), (4, 0)]
out [(0, 1), (1, 4)]
in  [(0, 1), (1, 4), (4, 2)]
out [(0, 1), (1, 4)]
in  [(0, 1), (1, 4), (4, 3)]
out [(0, 1), (1, 4)]
out [(0, 1)]
in  [(0, 1), (2, 0)]
in  [(0, 1), (2, 0), (3, 2)]
in  [(0, 1), (2, 0), (3, 2), (4, 4)]
out [(0, 1), (2, 0), (3, 2)]
out [(0, 1), (2, 0)]
in  [(0, 1), (2, 0), (3, 3)]
out [(0, 1), (2, 0)]
in  [(0, 1), (2, 0), (4, 3)]
out [(0, 1), (2, 0)]
in  [(0, 1), (2, 0), (4, 4)]
out [(0, 1), (2, 0)]
out [(0, 1)]
in  [(0, 1), (2, 2)]
in  [(0, 1), (2, 2), (3, 0)]
in  [(0, 1), (2, 2), (3, 0), (4, 3)]
out [(0, 1), (2, 2), (3, 0)]
out [(0, 1), (2, 2)]
in  [(0, 1), (2, 2), (4, 3)]
out [(0, 1), (2, 2)]
out [(0, 1)]
in  [(0, 1), (2, 4)]
in  [(0, 1), (2, 4), (3, 0)]
in  [(0, 1), (2, 4), (3, 0), (4, 3)]
out [(0, 1), (2, 4), (3, 0)]
out [(0, 1), (2, 4)]
in  [(0, 1), (2, 4), (3, 2)]
in  [(0, 1), (2, 4), (3, 2), (4, 0)]
out [(0, 1), (2, 4), (3, 2)]
out [(0, 1), (2, 4)]
in  [(0, 1), (2, 4), (4, 0)]
out [(0, 1), (2, 4)]
in  [(0, 1), (2, 4), (4, 3)]
out [(0, 1), (2, 4)]
out [(0, 1)]
in  [(0, 1), (3, 0)]
in  [(0, 1), (3, 0), (4, 2)]
out [(0, 1), (3, 0)]
in  [(0, 1), (3, 0), (4, 3)]
out [(0, 1), (3, 0)]
in  [(0, 1), (3, 0), (4, 4)]
out [(0, 1), (3, 0)]
out [(0, 1)]
in  [(0, 1), (3, 2)]
in  [(0, 1), (3, 2), (4, 0)]
out [(0, 1), (3, 2)]
in  [(0, 1), (3, 2), (4, 4)]
out [(0, 1), (3, 2)]
out [(0, 1)]
in  [(0, 1), (3, 3)]
in  [(0, 1), (3, 3), (4, 0)]
out [(0, 1), (3, 3)]
out [(0, 1)]
in  [(0, 1), (4, 0)]
out [(0, 1)]
in  [(0, 1), (4, 2)]
out [(0, 1)]
in  [(0, 1), (4, 3)]
out [(0, 1)]
in  [(0, 1), (4, 4)]
out [(0, 1)]
in  [(0, 2), (1, 0)]
in  [(0, 2), (1, 0), (2, 3)]
in  [(0, 2), (1, 0), (2, 3), (3, 1)]
in  [(0, 2), (1, 0), (2, 3), (3, 1), (4, 4)]

count : 5
. . Q . .
Q . . . .
. . . Q .
. Q . . .
. . . . Q

out [(0, 2), (1, 0), (2, 3), (3, 1)]
out [(0, 2), (1, 0), (2, 3)]
in  [(0, 2), (1, 0), (2, 3), (4, 4)]
out [(0, 2), (1, 0), (2, 3)]
out [(0, 2), (1, 0)]
in  [(0, 2), (1, 0), (3, 1)]
in  [(0, 2), (1, 0), (3, 1), (4, 4)]
out [(0, 2), (1, 0), (3, 1)]
out [(0, 2), (1, 0)]
in  [(0, 2), (1, 0), (3, 3)]
in  [(0, 2), (1, 0), (3, 3), (4, 1)]
out [(0, 2), (1, 0), (3, 3)]
out [(0, 2), (1, 0)]
in  [(0, 2), (1, 0), (3, 4)]
in  [(0, 2), (1, 0), (3, 4), (4, 1)]
out [(0, 2), (1, 0), (3, 4)]
out [(0, 2), (1, 0)]
in  [(0, 2), (1, 0), (4, 1)]
out [(0, 2), (1, 0)]
in  [(0, 2), (1, 0), (4, 4)]
out [(0, 2), (1, 0)]
out [(0, 2)]
in  [(0, 2), (1, 4)]
in  [(0, 2), (1, 4), (2, 1)]
in  [(0, 2), (1, 4), (2, 1), (3, 3)]
in  [(0, 2), (1, 4), (2, 1), (3, 3), (4, 0)]

count : 6
. . Q . .
. . . . Q
. Q . . .
. . . Q .
Q . . . .

out [(0, 2), (1, 4), (2, 1), (3, 3)]
out [(0, 2), (1, 4), (2, 1)]
in  [(0, 2), (1, 4), (2, 1), (4, 0)]
out [(0, 2), (1, 4), (2, 1)]
out [(0, 2), (1, 4)]
in  [(0, 2), (1, 4), (3, 0)]
in  [(0, 2), (1, 4), (3, 0), (4, 3)]
out [(0, 2), (1, 4), (3, 0)]
out [(0, 2), (1, 4)]
in  [(0, 2), (1, 4), (3, 1)]
in  [(0, 2), (1, 4), (3, 1), (4, 3)]
out [(0, 2), (1, 4), (3, 1)]
out [(0, 2), (1, 4)]
in  [(0, 2), (1, 4), (3, 3)]
in  [(0, 2), (1, 4), (3, 3), (4, 0)]
out [(0, 2), (1, 4), (3, 3)]
out [(0, 2), (1, 4)]
in  [(0, 2), (1, 4), (4, 0)]
out [(0, 2), (1, 4)]
in  [(0, 2), (1, 4), (4, 3)]
out [(0, 2), (1, 4)]
out [(0, 2)]
in  [(0, 2), (2, 1)]
in  [(0, 2), (2, 1), (3, 3)]
in  [(0, 2), (2, 1), (3, 3), (4, 0)]
out [(0, 2), (2, 1), (3, 3)]
out [(0, 2), (2, 1)]
in  [(0, 2), (2, 1), (3, 4)]
in  [(0, 2), (2, 1), (3, 4), (4, 0)]
out [(0, 2), (2, 1), (3, 4)]
out [(0, 2), (2, 1)]
in  [(0, 2), (2, 1), (4, 0)]
out [(0, 2), (2, 1)]
in  [(0, 2), (2, 1), (4, 4)]
out [(0, 2), (2, 1)]
out [(0, 2)]
in  [(0, 2), (2, 3)]
in  [(0, 2), (2, 3), (3, 0)]
in  [(0, 2), (2, 3), (3, 0), (4, 4)]
out [(0, 2), (2, 3), (3, 0)]
out [(0, 2), (2, 3)]
in  [(0, 2), (2, 3), (3, 1)]
in  [(0, 2), (2, 3), (3, 1), (4, 4)]
out [(0, 2), (2, 3), (3, 1)]
out [(0, 2), (2, 3)]
in  [(0, 2), (2, 3), (4, 0)]
out [(0, 2), (2, 3)]
in  [(0, 2), (2, 3), (4, 4)]
out [(0, 2), (2, 3)]
out [(0, 2)]
in  [(0, 2), (3, 0)]
in  [(0, 2), (3, 0), (4, 3)]
out [(0, 2), (3, 0)]
in  [(0, 2), (3, 0), (4, 4)]
out [(0, 2), (3, 0)]
out [(0, 2)]
in  [(0, 2), (3, 1)]
in  [(0, 2), (3, 1), (4, 3)]
out [(0, 2), (3, 1)]
in  [(0, 2), (3, 1), (4, 4)]
out [(0, 2), (3, 1)]
out [(0, 2)]
in  [(0, 2), (3, 3)]
in  [(0, 2), (3, 3), (4, 0)]
out [(0, 2), (3, 3)]
in  [(0, 2), (3, 3), (4, 1)]
out [(0, 2), (3, 3)]
out [(0, 2)]
in  [(0, 2), (3, 4)]
in  [(0, 2), (3, 4), (4, 0)]
out [(0, 2), (3, 4)]
in  [(0, 2), (3, 4), (4, 1)]
out [(0, 2), (3, 4)]
out [(0, 2)]
in  [(0, 2), (4, 0)]
out [(0, 2)]
in  [(0, 2), (4, 1)]
out [(0, 2)]
in  [(0, 2), (4, 3)]
out [(0, 2)]
in  [(0, 2), (4, 4)]
out [(0, 2)]
in  [(0, 3), (1, 0)]
in  [(0, 3), (1, 0), (2, 2)]
in  [(0, 3), (1, 0), (2, 2), (3, 4)]
in  [(0, 3), (1, 0), (2, 2), (3, 4), (4, 1)]

count : 7
. . . Q .
Q . . . .
. . Q . .
. . . . Q
. Q . . .

out [(0, 3), (1, 0), (2, 2), (3, 4)]
out [(0, 3), (1, 0), (2, 2)]
in  [(0, 3), (1, 0), (2, 2), (4, 1)]
out [(0, 3), (1, 0), (2, 2)]
out [(0, 3), (1, 0)]
in  [(0, 3), (1, 0), (2, 4)]
in  [(0, 3), (1, 0), (2, 4), (3, 1)]
out [(0, 3), (1, 0), (2, 4)]
in  [(0, 3), (1, 0), (2, 4), (4, 1)]
out [(0, 3), (1, 0), (2, 4)]
out [(0, 3), (1, 0)]
in  [(0, 3), (1, 0), (3, 1)]
in  [(0, 3), (1, 0), (3, 1), (4, 4)]
out [(0, 3), (1, 0), (3, 1)]
out [(0, 3), (1, 0)]
in  [(0, 3), (1, 0), (3, 4)]
in  [(0, 3), (1, 0), (3, 4), (4, 1)]
out [(0, 3), (1, 0), (3, 4)]
in  [(0, 3), (1, 0), (3, 4), (4, 2)]
out [(0, 3), (1, 0), (3, 4)]
out [(0, 3), (1, 0)]
in  [(0, 3), (1, 0), (4, 1)]
out [(0, 3), (1, 0)]
in  [(0, 3), (1, 0), (4, 2)]
out [(0, 3), (1, 0)]
in  [(0, 3), (1, 0), (4, 4)]
out [(0, 3), (1, 0)]
out [(0, 3)]
in  [(0, 3), (1, 1)]
in  [(0, 3), (1, 1), (2, 4)]
in  [(0, 3), (1, 1), (2, 4), (3, 2)]
in  [(0, 3), (1, 1), (2, 4), (3, 2), (4, 0)]

count : 8
. . . Q .
. Q . . .
. . . . Q
. . Q . .
Q . . . .

out [(0, 3), (1, 1), (2, 4), (3, 2)]
out [(0, 3), (1, 1), (2, 4)]
in  [(0, 3), (1, 1), (2, 4), (4, 0)]
out [(0, 3), (1, 1), (2, 4)]
out [(0, 3), (1, 1)]
in  [(0, 3), (1, 1), (3, 2)]
in  [(0, 3), (1, 1), (3, 2), (4, 0)]
out [(0, 3), (1, 1), (3, 2)]
out [(0, 3), (1, 1)]
in  [(0, 3), (1, 1), (3, 4)]
in  [(0, 3), (1, 1), (3, 4), (4, 0)]
out [(0, 3), (1, 1), (3, 4)]
in  [(0, 3), (1, 1), (3, 4), (4, 2)]
out [(0, 3), (1, 1), (3, 4)]
out [(0, 3), (1, 1)]
in  [(0, 3), (1, 1), (4, 0)]
out [(0, 3), (1, 1)]
in  [(0, 3), (1, 1), (4, 2)]
out [(0, 3), (1, 1)]
out [(0, 3)]
in  [(0, 3), (2, 0)]
in  [(0, 3), (2, 0), (3, 2)]
in  [(0, 3), (2, 0), (3, 2), (4, 4)]
out [(0, 3), (2, 0), (3, 2)]
out [(0, 3), (2, 0)]
in  [(0, 3), (2, 0), (3, 4)]
in  [(0, 3), (2, 0), (3, 4), (4, 1)]
out [(0, 3), (2, 0), (3, 4)]
out [(0, 3), (2, 0)]
in  [(0, 3), (2, 0), (4, 1)]
out [(0, 3), (2, 0)]
in  [(0, 3), (2, 0), (4, 4)]
out [(0, 3), (2, 0)]
out [(0, 3)]
in  [(0, 3), (2, 2)]
in  [(0, 3), (2, 2), (3, 4)]
in  [(0, 3), (2, 2), (3, 4), (4, 1)]
out [(0, 3), (2, 2), (3, 4)]
out [(0, 3), (2, 2)]
in  [(0, 3), (2, 2), (4, 1)]
out [(0, 3), (2, 2)]
out [(0, 3)]
in  [(0, 3), (2, 4)]
in  [(0, 3), (2, 4), (3, 1)]
out [(0, 3), (2, 4)]
in  [(0, 3), (2, 4), (3, 2)]
in  [(0, 3), (2, 4), (3, 2), (4, 0)]
out [(0, 3), (2, 4), (3, 2)]
out [(0, 3), (2, 4)]
in  [(0, 3), (2, 4), (4, 0)]
out [(0, 3), (2, 4)]
in  [(0, 3), (2, 4), (4, 1)]
out [(0, 3), (2, 4)]
out [(0, 3)]
in  [(0, 3), (3, 1)]
in  [(0, 3), (3, 1), (4, 4)]
out [(0, 3), (3, 1)]
out [(0, 3)]
in  [(0, 3), (3, 2)]
in  [(0, 3), (3, 2), (4, 0)]
out [(0, 3), (3, 2)]
in  [(0, 3), (3, 2), (4, 4)]
out [(0, 3), (3, 2)]
out [(0, 3)]
in  [(0, 3), (3, 4)]
in  [(0, 3), (3, 4), (4, 0)]
out [(0, 3), (3, 4)]
in  [(0, 3), (3, 4), (4, 1)]
out [(0, 3), (3, 4)]
in  [(0, 3), (3, 4), (4, 2)]
out [(0, 3), (3, 4)]
out [(0, 3)]
in  [(0, 3), (4, 0)]
out [(0, 3)]
in  [(0, 3), (4, 1)]
out [(0, 3)]
in  [(0, 3), (4, 2)]
out [(0, 3)]
in  [(0, 3), (4, 4)]
out [(0, 3)]
in  [(0, 4), (1, 0)]
in  [(0, 4), (1, 0), (2, 3)]
in  [(0, 4), (1, 0), (2, 3), (4, 2)]
out [(0, 4), (1, 0), (2, 3)]
out [(0, 4), (1, 0)]
in  [(0, 4), (1, 0), (3, 3)]
in  [(0, 4), (1, 0), (3, 3), (4, 1)]
out [(0, 4), (1, 0), (3, 3)]
out [(0, 4), (1, 0)]
in  [(0, 4), (1, 0), (4, 1)]
out [(0, 4), (1, 0)]
in  [(0, 4), (1, 0), (4, 2)]
out [(0, 4), (1, 0)]
out [(0, 4)]
in  [(0, 4), (1, 1)]
in  [(0, 4), (1, 1), (2, 3)]
in  [(0, 4), (1, 1), (2, 3), (3, 0)]
in  [(0, 4), (1, 1), (2, 3), (3, 0), (4, 2)]

count : 9
. . . . Q
. Q . . .
. . . Q .
Q . . . .
. . Q . .

out [(0, 4), (1, 1), (2, 3), (3, 0)]
out [(0, 4), (1, 1), (2, 3)]
in  [(0, 4), (1, 1), (2, 3), (4, 2)]
out [(0, 4), (1, 1), (2, 3)]
out [(0, 4), (1, 1)]
in  [(0, 4), (1, 1), (3, 0)]
in  [(0, 4), (1, 1), (3, 0), (4, 2)]
out [(0, 4), (1, 1), (3, 0)]
in  [(0, 4), (1, 1), (3, 0), (4, 3)]
out [(0, 4), (1, 1), (3, 0)]
out [(0, 4), (1, 1)]
in  [(0, 4), (1, 1), (3, 2)]
out [(0, 4), (1, 1)]
in  [(0, 4), (1, 1), (4, 2)]
out [(0, 4), (1, 1)]
in  [(0, 4), (1, 1), (4, 3)]
out [(0, 4), (1, 1)]
out [(0, 4)]
in  [(0, 4), (1, 2)]
in  [(0, 4), (1, 2), (2, 0)]
in  [(0, 4), (1, 2), (2, 0), (3, 3)]
in  [(0, 4), (1, 2), (2, 0), (3, 3), (4, 1)]

count : 10
. . . . Q
. . Q . .
Q . . . .
. . . Q .
. Q . . .

out [(0, 4), (1, 2), (2, 0), (3, 3)]
out [(0, 4), (1, 2), (2, 0)]
in  [(0, 4), (1, 2), (2, 0), (4, 1)]
out [(0, 4), (1, 2), (2, 0)]
in  [(0, 4), (1, 2), (2, 0), (4, 3)]
out [(0, 4), (1, 2), (2, 0)]
out [(0, 4), (1, 2)]
in  [(0, 4), (1, 2), (3, 3)]
in  [(0, 4), (1, 2), (3, 3), (4, 1)]
out [(0, 4), (1, 2), (3, 3)]
out [(0, 4), (1, 2)]
in  [(0, 4), (1, 2), (4, 1)]
out [(0, 4), (1, 2)]
in  [(0, 4), (1, 2), (4, 3)]
out [(0, 4), (1, 2)]
out [(0, 4)]
in  [(0, 4), (2, 0)]
in  [(0, 4), (2, 0), (3, 2)]
out [(0, 4), (2, 0)]
in  [(0, 4), (2, 0), (3, 3)]
in  [(0, 4), (2, 0), (3, 3), (4, 1)]
out [(0, 4), (2, 0), (3, 3)]
out [(0, 4), (2, 0)]
in  [(0, 4), (2, 0), (4, 1)]
out [(0, 4), (2, 0)]
in  [(0, 4), (2, 0), (4, 3)]
out [(0, 4), (2, 0)]
out [(0, 4)]
in  [(0, 4), (2, 1)]
in  [(0, 4), (2, 1), (3, 3)]
out [(0, 4), (2, 1)]
in  [(0, 4), (2, 1), (4, 2)]
out [(0, 4), (2, 1)]
out [(0, 4)]
in  [(0, 4), (2, 3)]
in  [(0, 4), (2, 3), (3, 0)]
in  [(0, 4), (2, 3), (3, 0), (4, 2)]
out [(0, 4), (2, 3), (3, 0)]
out [(0, 4), (2, 3)]
in  [(0, 4), (2, 3), (4, 2)]
out [(0, 4), (2, 3)]
out [(0, 4)]
in  [(0, 4), (3, 0)]
in  [(0, 4), (3, 0), (4, 2)]
out [(0, 4), (3, 0)]
in  [(0, 4), (3, 0), (4, 3)]
out [(0, 4), (3, 0)]
out [(0, 4)]
in  [(0, 4), (3, 2)]
out [(0, 4)]
in  [(0, 4), (3, 3)]
in  [(0, 4), (3, 3), (4, 1)]
out [(0, 4), (3, 3)]
out [(0, 4)]
in  [(0, 4), (4, 1)]
out [(0, 4)]
in  [(0, 4), (4, 2)]
out [(0, 4)]
in  [(0, 4), (4, 3)]
out [(0, 4)]
10

Process finished with exit code 0
